1881.00000000304
3881.00000000122
4881.00000000031
5880.9999999994
7880.99999999758
8880.99999999667
11881.0000000053
12881.0000000044
13881.0000000035
14881.0000000026
15881.0000000017
16881.0000000008
18880.9999999989
20880.9999999971
23880.9999999944
24881.0000000049
25881.000000004
26881.000000003
27881.0000000021
29881.0000000003
30880.9999999994
31880.9999999985
32880.9999999976
33880.9999999967
34880.9999999958
35880.9999999949
36881.0000000053
37881.0000000044
38881.0000000035
39881.0000000026
40881.0000000017
41881.0000000008
43880.999999999
44880.999999998
45880.9999999971
47880.9999999953
48880.9999999944
49881.0000000049
52881.0000000021
53881.0000000012
54881.0000000003
55880.9999999994
56880.9999999985
58880.9999999967
61881.0000000053
63881.0000000035
65881.0000000017
1882.00000000052
3881.9999999987
4881.99999999779
5881.99999999688
7881.99999999506
8882.00000000552
11882.0000000028
12882.0000000019
13882.000000001
14882.0000000001
15881.9999999992
16881.9999999982
18881.9999999964
20881.9999999946
23882.0000000032
24882.0000000023
25882.0000000014
26882.0000000005
27881.9999999996
29881.9999999978
30881.9999999969
31881.999999996
32881.9999999951
33882.0000000055
34882.0000000046
35882.0000000037
36882.0000000028
37882.0000000019
38882.000000001
39882.0000000001
40881.9999999992
41881.9999999982
43881.9999999964
44881.9999999955
45881.9999999946
47882.0000000042
48882.0000000032
49882.0000000023
52881.9999999996
53881.9999999987
54881.9999999978
55881.9999999969
56881.999999996
58882.0000000055
61882.0000000028
63882.000000001
65881.9999999992
